Category,1 Star Reviews,2 Star Reviews,3 Star Reviews,4 Star Reviews,5 Star Reviews,Positive Reviews,Negative Reviews,All Reviews Count,Average Rating
Shopping,57871,22128,30748,62416,163722,226138,79999,336885,3.74800005936744
Shopping Centers,1401,1633,3648,5689,4077,9766,3034,16448,3.5719844357976656
Food,83561,72739,113907,241698,372170,613868,156300,884075,3.8440200209258264
Soul Food,2052,1785,2356,5432,8779,14211,3837,20404,3.838119976475201
Convenience Stores,3079,1132,1854,3567,4303,7870,4211,13935,3.3504126300681736
Restaurants,322261,285644,417488,818771,1083567,1902338,607905,2927731,3.702161161664101
Coffee & Tea,17865,16636,27566,58894,91297,150191,34501,212258,3.891000574772211
Professional Services,10847,1414,1128,2683,29845,32528,12261,45917,3.855129908312825
Matchmakers,26,1,2,6,31,37,27,66,3.227272727272727
Sandwiches,30248,26283,38152,80760,120210,200970,56531,295653,3.7928246965192303
Tobacco Shops,1247,489,564,1592,8256,9848,1736,12148,4.244731643068818
Chiropractors,1007,245,164,517,8003,8520,1252,9936,4.435587761674718
Health & Medical,31910,6679,4897,11391,92888,104279,38589,147765,3.8572260007444252
Automotive,42294,7934,6715,14837,93024,107861,50228,164804,3.6575265163466906
Oil Change Stations,9518,1727,1104,2681,19847,22528,11245,34877,3.6196633884795135
Car Wash,6845,1786,1480,2520,7763,10283,8631,20394,3.1260174561145435
Auto Detailing,4530,1002,784,1330,8615,9945,5532,16261,3.522600086095566
Jewelry Repair,338,70,49,165,2491,2656,408,3113,4.413748795374237
Gold Buyers,203,40,22,71,910,981,243,1246,4.159711075441413
Local Services,24313,4595,4250,10491,80277,90768,28908,123926,3.9507609379791164
Appraisal Services,83,14,9,32,405,437,97,543,4.219152854511971
Jewelry,2417,758,1003,2463,10857,13320,3175,17498,4.062121385301177
Optometrists,2409,608,493,1023,7795,8818,3017,12328,3.9074464633354964
Bowling,1158,731,1042,1899,1778,3677,1889,6608,3.364406779661017
Active Life,15953,9030,13766,32285,74637,106922,24983,145671,3.965346568637546
Barbers,3034,963,831,2329,17284,19613,3997,24441,4.2219630947997215
Men's Hair Salons,1092,310,260,693,8068,8761,1402,10423,4.375323803127698
Hair Removal,8038,3134,2429,6152,45417,51569,11172,65170,4.193432560994323
Waxing,4646,1880,1453,3651,28256,31907,6526,39886,4.228275585418443
Beauty & Spas,41363,15197,13889,34438,174851,209289,56560,279738,4.023160957753326
Hair Salons,11573,4058,3450,9244,59490,68734,15631,87815,4.1503729431190575
Flowers & Gifts,3156,1309,1870,4531,11930,16461,4465,22796,3.911124758729602
Bakeries,9982,9768,15346,33821,55319,89140,19750,124236,3.9234601886731704
Grocery,8540,5564,8760,19135,22314,41449,14104,64313,3.6393575171427237
Florists,1787,517,548,1396,5643,7039,2304,9891,3.868567384490951
Landscape Architects,382,63,39,118,1269,1387,445,1871,3.977552111170497
Home & Garden,12877,3648,4411,9402,29721,39123,16525,60059,3.656720891123728
Irrigation,387,61,24,88,1712,1800,448,2272,4.178257042253521
Home Services,42134,6393,4621,10739,106737,117476,48527,170624,3.7827269317329333
Artificial Turf,51,17,5,16,534,550,68,623,4.548956661316212
Nurseries & Gardening,1517,503,572,1300,3181,4481,2020,7073,3.583203732503888
Gardeners,365,61,37,120,1568,1688,426,2151,4.145978614597862
Landscaping,1842,327,185,501,5849,6350,2169,8704,3.940716911764706
Contractors,4613,743,491,1206,18987,20193,5356,26040,4.121774193548387
Burgers,32403,26322,37242,67031,82706,149737,58725,245704,3.5751432618109593
Bars,79031,71626,107858,204998,251399,456397,150657,714912,3.668764826999687
Sports Bars,18428,13336,17177,26616,27407,54023,31764,102964,3.3033875917796514
Nightlife,87535,77445,116966,222315,275994,498309,164980,780255,3.6687403477068394
American (Traditional),59150,51626,71299,125774,153699,279473,110776,461548,3.5703545460060493
Chinese,25246,19390,29734,52205,51576,103781,44636,178151,3.479789616673496
Roofing,481,66,32,91,1534,1625,547,2204,3.966878402903811
Financial Services,5347,789,641,1147,8835,9982,6136,16759,3.4376156095232413
Banks & Credit Unions,2966,514,451,746,2371,3117,3480,7048,2.8640749148694664
Auto Repair,22793,3523,2202,5762,51647,57409,26316,85927,3.6976503310949993
Tires,7167,1259,899,2443,17088,19531,8426,28856,3.728652619905739
Italian,28704,26096,34768,70480,104006,174486,54800,264054,3.7384398645731554
Diners,8674,7511,11105,21783,26019,47802,16185,75092,3.652026847067597
Breakfast & Brunch,36452,36676,54873,114242,159604,273846,73128,401847,3.805953509669103
Mexican,34185,28178,36029,69758,102340,172098,62363,270490,3.6576583237827647
Chicken Wings,15260,8532,10065,16872,21976,38848,23792,72705,3.299456708617014
Life Coach,71,13,13,46,1402,1448,84,1545,4.744336569579288
Reiki,130,40,36,132,1809,1941,170,2147,4.606893339543549
Naturopathic/Holistic,399,102,74,232,2953,3185,501,3760,4.393085106382979
Hypnosis/Hypnotherapy,17,3,6,20,350,370,20,396,4.724747474747475
Counseling & Mental Health,470,59,67,157,1352,1509,529,2105,3.884560570071259
Doctors,15738,2940,1890,3854,26947,30801,18678,51369,3.454203897292141
Advertising,234,22,18,60,924,984,256,1258,4.127186009538951
Marketing,426,73,50,155,1948,2103,499,2652,4.178733031674208
Business Consulting,65,9,2,17,399,416,74,492,4.373983739837398
Pubs,10854,11539,19716,37821,36816,74637,22393,116746,3.6698816233532625
Arts & Entertainment,40487,29372,43911,80466,100928,181394,69859,295164,3.582645580084292
Performing Arts,3925,3068,4826,10379,23082,33461,6993,45280,4.00761925795053
Toy Stores,674,408,647,1435,2916,4351,1082,6080,3.9064144736842104
Hobby Shops,975,551,903,1916,3768,5684,1526,8113,3.8567730802415876
Hair Stylists,2511,677,536,1524,18758,20282,3188,24006,4.3888611180538195
Shades & Blinds,464,117,77,165,2656,2821,581,3479,4.27392929002587
Seafood,19995,19077,27810,56026,83760,139786,39072,206668,3.795860994445197
Community Service/Non-Profit,484,273,485,1096,2128,3224,757,4466,3.9205105239587996
Hiking,99,81,297,1489,3448,4937,180,5414,4.497229405245659
Behavior Analysts,3,0,0,0,9,9,3,12,4.0
Comfort Food,3389,3765,5966,11887,15340,27227,7154,40347,3.793714526482762
Canadian (New),5120,6182,10827,18578,15754,34332,11302,56461,3.596234568994527
Taiwanese,1353,1372,2577,4298,4190,8488,2725,13790,3.623640319071791
Fashion,14591,6811,10180,18434,30382,48816,21402,80398,3.5373889897758652
Shoe Stores,2334,1012,1530,3102,5283,8385,3346,13261,3.6023678455621746
Accessories,2454,1056,1723,3391,7064,10455,3510,15688,3.7365502294747577
Women's Clothing,4502,2319,3478,6314,10184,16498,6821,26797,3.5731611747583685
Men's Clothing,3076,1551,2293,3976,6641,10617,4627,17537,3.5448480355819125
Department Stores,6012,2991,4387,6483,5516,11999,9003,25389,3.098467840403324
Irish,1601,1617,2665,5190,4511,9701,3218,15584,3.602733572895277
Massage,5171,2113,2086,5682,26269,31951,7284,41321,4.107548220033397
Reflexology,1041,380,322,900,4925,5825,1421,7568,4.0951374207188165
Auto Insurance,424,33,20,52,1563,1615,457,2092,4.097992351816443
Body Shops,2812,468,299,715,9199,9914,3280,13493,3.965018898688209
Insurance,1361,127,93,194,3633,3827,1488,5408,3.8526257396449703
Shipping Centers,3309,530,518,794,2728,3522,3839,7879,2.88602614544993
Printing Services,2295,492,453,861,4767,5628,2787,8868,3.599120433017591
Public Services & Government,3351,1179,2282,5050,8227,13277,4530,20089,3.678132311215093
Notaries,947,143,130,288,1847,2135,1090,3355,3.5797317436661698
Post Offices,1425,283,358,421,667,1088,1708,3154,2.5630944831959415
Pizza,34120,24622,33459,71097,105428,176525,58742,268726,3.7036572568340986
Car Dealers,15087,2337,1660,3885,21415,25300,17424,44384,3.3200252343186736
Hardware Stores,1814,634,719,1488,2771,4259,2448,7426,3.372744411527067
Appliances,3434,807,756,1382,4463,5845,4241,10842,3.2428518723482753
Home Decor,4171,1492,2053,4233,9969,14202,5663,21918,3.6541199014508625
Building Supplies,1699,481,509,1064,3447,4511,2180,7200,3.566527777777778
Motorcycle Repair,652,105,87,255,2223,2478,757,3322,3.990969295605057
Skin Care,6772,2496,2072,5407,36748,42155,9268,53495,4.175119170015889
Nail Salons,17064,6268,4751,10792,51521,62313,23332,90396,3.812403203681579
Asian Fusion,14332,14791,22146,42738,58200,100938,29123,152207,3.760037317600373
Sushi Bars,17955,16390,23372,46696,66464,113160,34345,170877,3.745120759376628
Specialty Food,8351,7609,13282,32997,55281,88278,15960,117520,4.014703880190606
French,4173,5659,9366,21593,32849,54442,9832,73640,3.9951928299837047
Delicatessen,132,180,364,1152,1478,2630,312,3306,4.1082879612825165
Beer,8572,8283,12528,27012,38432,65444,16855,94827,3.8272854777647716
Wine & Spirits,8572,8283,12528,27012,38432,65444,16855,94827,3.8272854777647716
Property Management,3661,299,185,431,2796,3227,3960,7372,2.7832338578404774
Real Estate,14402,2348,1707,3441,17074,20515,16750,38972,3.1651698655444935
Apartments,8279,1546,1099,2214,5434,7648,9825,18572,2.7295929356019815
Fast Food,29804,15623,19317,31620,39349,70969,45427,135713,3.2585382387833146
Delis,6102,5253,7584,16739,25627,42366,11355,61305,3.824337329744719
Gift Shops,844,369,619,1483,3557,5040,1213,6872,3.951688009313155
Donuts,2859,1891,2436,5044,10736,15780,4750,22966,3.82326047200209
Transmission Repair,784,147,90,293,4199,4492,931,5513,4.265372755305641
Music Venues,6418,5081,8155,16090,17587,33677,11499,53331,3.6252836061577693
DJs,151,52,90,230,1147,1377,203,1670,4.299401197604791
Event Planning & Services,50105,34552,47854,88723,124876,213599,84657,346110,3.5885787755337897
Venues & Event Spaces,8157,7202,11098,22821,31165,53986,15359,80443,3.766194696866104
Lounges,10478,8987,14709,28741,35084,63825,19465,97999,3.703741874917091
Movers,3063,305,223,619,9041,9660,3368,13251,3.925967851482907
Departments of Motor Vehicles,593,154,221,358,752,1110,747,2078,3.251203079884504
Hotels & Travel,54733,26426,35576,59492,67492,126984,81159,243719,3.2403751861775243
Car Rental,8191,1208,911,1777,5276,7053,9399,17363,2.696999366468928
Piercing,633,183,153,440,5423,5863,816,6832,4.4398419203747075
Tattoo,1075,301,243,702,10181,10883,1376,12502,4.488801791713326
American (New),44366,46689,68170,132809,177510,310319,91055,469544,3.750532431465422
Midwives,124,23,18,34,515,549,147,714,4.110644257703081
Museums,616,816,1790,5124,8096,13220,1432,16442,4.171876900620362
Glass & Mirrors,261,53,34,86,1366,1452,314,1800,4.246111111111111
Window Washing,353,67,46,173,2302,2475,420,2941,4.36144168650119
Laundry Services,2847,622,552,1460,4957,6417,3469,10438,3.484575589193332
Laundromat,145,60,103,235,415,650,205,958,3.7463465553235906
Dry Cleaning & Laundry,2906,635,573,1529,5197,6726,3541,10840,3.5051660516605168
Auto Parts & Supplies,9490,1544,1006,2611,18974,21585,11034,33625,3.5958364312267657
Ice Cream & Frozen Yogurt,6292,5689,9800,21108,35387,56495,11981,78276,3.9403776381010784
Desserts,12403,13270,21795,43620,72174,115794,25673,163262,3.9181070916686065
Cupcakes,972,939,1211,2348,6166,8514,1911,11636,4.013836369886559
Candy Stores,643,542,1003,2097,3406,5503,1185,7691,3.9206865167078404
Popcorn Shops,41,45,74,350,1022,1372,86,1532,4.4797650130548305
Eyewear & Opticians,1998,525,468,1052,6710,7762,2523,10753,3.925416162931275
Medical Supplies,335,51,39,106,840,946,386,1371,3.7768052516411377
Newspapers & Magazines,70,51,122,246,221,467,121,710,3.7
Books,1458,885,1645,4182,7476,11658,2343,15646,3.979994886872044
Mags,1458,885,1645,4182,7476,11658,2343,15646,3.979994886872044
Music & Video,1458,885,1645,4182,7476,11658,2343,15646,3.979994886872044
Print Media,286,50,60,94,585,679,336,1075,3.5972093023255813
Mass Media,717,124,140,245,981,1226,841,2207,3.294064340734028
Arts & Crafts,1679,878,1440,3501,7576,11077,2557,15074,3.956415019238424
Art Galleries,559,443,812,2459,6171,8630,1002,10444,4.267713519724244
Framing,87,44,60,140,672,812,131,1003,4.262213359920239
Bridal,1406,463,390,830,5505,6335,1869,8594,3.996625552711194
Photographers,616,154,106,329,5622,5951,770,6827,4.492163468580635
Session Photography,265,66,34,144,3093,3237,331,3602,4.591893392559689
Event Photography,244,54,45,103,3350,3453,298,3796,4.649367755532139
Luggage,136,59,74,133,416,549,195,818,3.7750611246943766
Mobile Phones,6160,1403,1250,1747,6776,8523,7563,17336,3.090909090909091
Mobile Phone Accessories,592,64,54,126,1197,1323,656,2033,3.6256763403836696
Rafting/Kayaking,76,46,50,244,1038,1282,122,1454,4.4594222833562585
Sporting Goods,2950,1243,1464,3908,12217,16125,4193,21782,3.9732347810118447
Outdoor Gear,695,299,381,1068,2395,3463,994,4838,3.861719718892104
Paddleboarding,23,9,11,33,389,422,32,465,4.625806451612903
Tours,2023,608,875,2335,9004,11339,2631,14845,4.056854159649713
Rock Climbing,54,39,54,238,531,769,93,916,4.258733624454148
Education,3488,1149,1582,4145,15532,19677,4637,25896,4.045875810936052
Diving,41,11,6,23,308,331,52,389,4.403598971722365
Rehabilitation Center,399,44,35,69,724,793,443,1271,3.5310778914240757
Massage Therapy,1932,720,583,1708,12397,14105,2652,17340,4.26401384083045
Parks,605,579,1497,5076,8081,13157,1184,15838,4.227995959085743
Playgrounds,336,293,484,1294,2350,3644,629,4757,4.057178894261089
Gyms,5186,2222,2669,5293,14696,19989,7408,30066,3.7347502161910464
Fitness & Instruction,6557,2962,3640,8001,28785,36786,9519,49945,3.9909900890980077
Sports Clubs,1462,785,932,1436,2676,4112,2247,7291,3.4223014675627486
Ethnic Food,2642,2293,4331,10444,15521,25965,4935,35231,3.9624762283216484
Tea Rooms,920,1121,2087,4228,7043,11271,2041,15399,3.997012793038509
Used Car Dealers,1396,204,121,312,1930,2242,1600,3963,3.2967448902346708
Bike Rentals,358,170,126,516,2988,3504,528,4158,4.348244348244348
Bikes,865,401,290,1074,4874,5948,1266,7504,4.158182302771855
Bike Repair/Maintenance,337,141,97,374,2721,3095,478,3670,4.362670299727521
Shaved Ice,420,392,737,2060,5136,7196,812,8745,4.269296740994855
Juice Bars & Smoothies,5511,4563,6443,13604,27024,40628,10074,57145,3.911138332312538
Photography Stores & Services,1463,402,517,993,2219,3212,1865,5594,3.3759385055416518
Cosmetics & Beauty Supply,4641,1576,1814,3952,12907,16859,6217,24890,3.759662515066292
Drugstores,6083,2278,2918,4101,4417,8518,8361,19797,2.9237763297469312
Waffles,873,773,1032,2163,3994,6157,1646,8835,3.86383701188455
Vape Shops,716,234,204,500,5595,6095,950,7249,4.38281142226514
Korean,4808,4581,8445,16348,20119,36467,9389,54301,3.780630190972542
Caterers,7225,6423,9146,19868,33661,53529,13648,76323,3.8688992833090943
Wraps,329,180,274,520,1095,1615,509,2398,3.780650542118432
Towing,1648,180,87,294,3683,3977,1828,5892,3.7101154107264085
Family Practice,2777,516,250,592,3016,3608,3293,7151,3.0774716822821984
Sewing & Alterations,1350,345,267,818,5613,6431,1695,8393,4.072203026331467
Hats,56,17,35,59,233,292,73,400,3.99
Junk Removal & Hauling,331,51,30,89,1384,1473,382,1885,4.137400530503979
Boat Repair,84,7,10,21,356,377,91,478,4.167364016736402
Trailer Repair,30,3,5,3,201,204,33,242,4.413223140495868
Commercial Truck Repair,46,8,1,11,235,246,54,301,4.26578073089701
Roadside Assistance,305,38,24,57,574,631,343,998,3.55811623246493
Cosmetic Dentists,2972,521,270,721,14082,14803,3493,18566,4.207583755251535
General Dentistry,4184,711,376,1021,18291,19312,4895,24583,4.160314038156449
Dentists,5036,866,489,1296,23337,24633,5902,31024,4.193656523981434
Orthodontists,1650,281,158,365,6823,7188,1931,9277,4.124285868276383
Vegetarian,6567,7186,11540,27602,41242,68844,13753,94137,3.9535676726473117
Pest Control,1078,149,109,333,5313,5646,1227,6982,4.239472930392438
Tex-Mex,5363,4353,5374,9208,10553,19761,9716,34851,3.4371467102809103
Swabian,145,225,426,791,899,1690,370,2486,3.834271922767498
Wine Bars,7594,8124,12283,27391,42963,70354,15718,98355,3.915103451781811
Cajun/Creole,2258,2305,3428,7325,10118,17443,4563,25434,3.815443894000157
Powder Coating,23,5,1,8,208,216,28,245,4.522448979591837
Auto Customization,443,65,54,199,4638,4837,508,5399,4.578810890905723
Indian,5981,4531,7182,16132,21731,37863,10512,55557,3.7757978292564394
Bespoke Clothing,110,23,24,53,1006,1059,133,1216,4.498355263157895
Formal Wear,635,166,157,293,1626,1919,801,2877,3.733055265901981
Cardiologists,262,46,31,70,371,441,308,780,3.31025641025641
Keys & Locksmiths,588,61,52,220,4863,5083,649,5784,4.505705394190872
Security Systems,987,108,88,192,3024,3216,1095,4399,3.945214821550352
Nutritionists,390,120,84,311,3354,3665,510,4259,4.436722235266495
Acupuncture,425,126,122,391,3696,4087,551,4760,4.4300420168067225
Furniture Stores,5042,1287,1490,3127,8691,11818,6329,19637,3.4653460304527166
Lighting Fixtures & Equipment,595,130,124,300,2072,2372,725,3221,3.9698851288419745
Interior Design,924,198,181,351,2587,2938,1122,4241,3.82032539495402
Oral Surgeons,1356,241,130,328,5141,5469,1597,7196,4.0640633685380765
Barre Classes,188,68,112,326,1727,2053,256,2421,4.377942998760843
Japanese,19059,18292,28525,55864,77008,132872,37351,198748,3.7721838710326643
Private Investigation,14,6,6,27,295,322,20,348,4.675287356321839
Security Services,174,9,7,28,488,516,183,706,3.91643059490085
Shoe Repair,513,95,85,310,1861,2171,608,2864,4.01641061452514
Barbeque,11182,10254,14252,29533,43914,73447,21436,109135,3.7764969991295185
Cafes,11049,11368,18019,39048,62039,101087,22417,141523,3.916176169244575
Masonry/Concrete,310,47,25,58,1298,1356,357,1738,4.143268124280783
Hot Dogs,2658,2488,3774,7522,11687,19209,5146,28129,3.820932134096484
Ski & Snowboard Shops,16,8,8,23,95,118,24,150,4.153333333333333
Ophthalmologists,975,248,204,326,1862,2188,1223,3615,3.5123098201936376
Endodontists,562,80,42,126,2995,3121,642,3805,4.290932982917214
Endocrinologists,220,28,10,22,169,191,248,449,2.7594654788418707
Internal Medicine,966,157,102,195,1162,1357,1123,2582,3.166537567776917
Chocolatiers & Shops,693,695,1529,3800,5617,9417,1388,12334,4.05018647640668
Leather Goods,410,104,163,453,1414,1867,514,2544,3.926493710691824
Dance Clubs,8666,5202,7825,12179,12886,25065,13868,46758,3.329718978570512
Karaoke,1547,1103,1817,3668,4837,8505,2650,12972,3.7049799568300954
Comedy Clubs,554,373,607,1370,2230,3600,927,5134,3.8470977795091548
Caribbean,1410,1419,2355,5473,7626,13099,2829,18283,3.901711972870973
Home Cleaning,2500,471,393,1180,11140,12320,2971,15684,4.146965059933691
Carpet Cleaning,1510,231,157,442,9066,9508,1741,11406,4.343415746098545
Cinema,1950,1694,2907,6131,6078,12209,3644,18760,3.6765991471215353
Auto Glass Services,1892,385,244,655,9681,10336,2277,12857,4.232635918176869
Home Window Tinting,273,43,32,136,3877,4013,316,4361,4.674157303370786
Electronics,5617,1263,1104,2092,7431,9523,6880,17507,3.254583880733421
IT Services & Computer Repair,3721,734,638,1354,11359,12713,4455,17806,3.892732786701112
Pet Services,5533,1431,1240,3331,24596,27927,6964,36131,4.107802164346406
Pet Groomers,3492,967,854,2227,14242,16469,4459,21782,4.044899458268295
Pets,8145,2172,1982,5180,34581,39761,10317,52060,4.073376872839032
Pet Training,1371,389,438,827,3996,4823,1760,7021,3.8101410055547644
Pet Stores,2748,774,878,2190,8035,10225,3522,14625,3.81982905982906
Specialty Schools,1554,533,674,1969,8695,10664,2087,13425,4.1708007448789575
Car Stereo Installation,754,141,125,221,2236,2457,895,3477,3.8754673569168823
Videographers,106,10,11,27,846,873,116,1000,4.497
Video/Film Production,146,29,15,58,902,960,175,1150,4.34
Television Service Providers,2804,222,136,223,615,838,3026,4000,1.90575
Internet Service Providers,4365,382,194,333,1254,1587,4747,6528,2.0393688725490198
Furniture Reupholstery,201,34,32,99,1540,1639,235,1906,4.439139559286464
Auto Upholstery,41,4,6,9,306,315,45,366,4.461748633879782
Distilleries,36,54,110,305,631,936,90,1136,4.268485915492958
Wineries,217,207,311,842,1418,2260,424,2995,4.014023372287145
Pakistani,1876,1367,2115,4301,5402,9703,3243,15061,3.66303698293606
Veterinarians,3229,817,597,1654,13659,15313,4046,19956,4.087241932250952
Laser Eye Surgery/Lasik,392,105,77,164,1371,1535,497,2109,3.9563774300616408
Orthopedists,778,130,82,147,1011,1158,908,2148,3.224860335195531
Physical Therapy,1207,273,215,517,4745,5262,1480,6957,4.052177662785684
Sports Medicine,581,130,77,196,1942,2138,711,2926,3.9528366370471635
Hair Extensions,1609,420,307,795,11272,12067,2029,14403,4.367840033326391
Beer Garden,247,285,571,1023,892,1915,532,3018,3.6719681908548707
German,1085,1383,2636,5548,5945,11493,2468,16597,3.836596975356992
Dry Cleaning,576,99,75,208,906,1114,675,1864,3.4125536480686693
Paint Stores,128,36,40,83,265,348,164,552,3.5815217391304346
Wedding Planning,1187,561,761,1739,7060,8799,1748,11308,4.142907675981606
Handyman,880,114,73,261,5429,5690,994,6757,4.368210744413201
Painters,347,80,48,127,2808,2935,427,3410,4.457184750733138
Septic Services,114,18,15,45,773,818,132,965,4.393782383419689
Water Heater Installation/Repair,852,97,79,198,4244,4442,949,5470,4.2586837294332724
Plumbing,3252,403,241,671,11233,11904,3655,15800,4.027215189873417
Eyelash Service,3779,1346,966,2455,21564,24019,5125,30110,4.218166722019263
Home & Rental Insurance,318,23,13,42,1260,1302,341,1656,4.149154589371981
Beer Bar,1913,2039,3325,6568,8995,15563,3952,22840,3.818432574430823
Limos,1422,233,145,380,3166,3546,1655,5346,3.679947624392069
Transportation,8991,1573,1709,2910,6988,9898,10564,22171,2.879617518379866
Video Game Stores,134,42,74,164,483,647,176,897,3.9141583054626534
Videos & Video Game Rental,429,222,290,681,1384,2065,651,3006,3.788090485695276
Wholesalers,116,62,145,229,319,548,178,871,3.6578645235361655
Restaurant Supplies,24,4,13,36,77,113,28,154,3.896103896103896
Wholesale Stores,629,238,511,1245,2684,3929,867,5307,3.964198228754475
Buffets,12702,11071,15775,23358,23119,46477,23773,86025,3.385015983725661
Yoga,1909,1054,1277,2622,9181,11803,2963,16043,4.00430094122047
Medical Spas,1970,465,336,884,9600,10484,2435,13255,4.182874387023765
Day Spas,9263,4505,4711,11700,36694,48394,13768,66873,3.927982892946331
Graphic Design,395,54,36,164,2626,2790,449,3275,4.396030534351145
Sports Wear,1004,440,638,1503,3151,4654,1444,6736,3.7952790973871733
Golf Equipment,94,53,59,109,316,425,147,631,3.792393026941363
Vietnamese,5589,5255,8870,18368,21445,39813,10844,59527,3.7530196381473955
Appliances & Repair,2331,270,202,499,6145,6644,2601,9447,3.831692600825659
Cards & Stationery,281,149,302,891,1706,2597,430,3329,4.079002703514569
Door Sales/Installation,430,85,54,142,2215,2357,515,2926,4.239576213260424
Windows Installation,594,107,64,160,2661,2821,701,3586,4.167596207473508
Mediterranean,7315,7008,10539,25073,42684,67757,14323,92619,3.958798950539306
Stadiums & Arenas,515,445,1070,2544,2431,4975,960,7005,3.8466809421841544
Airport Lounges,115,118,194,294,402,696,233,1123,3.6678539626001783
Gluten-Free,4916,5244,7176,15105,24125,39230,10160,56566,3.8534985680444085
Electronics Repair,1479,234,176,558,7574,8132,1713,10021,4.248777567109071
Mobile Phone Repair,1588,282,222,571,7639,8210,1870,10302,4.202776159968938
Lawyers,853,60,33,130,4048,4178,913,5124,4.260733801717408
DUI Law,214,15,9,32,1131,1163,229,1401,4.3211991434689505
Career Counseling,115,14,8,22,326,348,129,485,3.88659793814433
Medical Centers,5935,1119,770,1601,7983,9584,7054,17408,3.262982536764706
Urgent Care,3167,558,377,771,3170,3941,3725,8043,3.0272286460276017
Carpeting,943,167,131,276,4009,4285,1110,5526,4.129388346000724
Latin American,2074,2201,3633,9355,15564,24919,4275,32827,4.039814786608584
Chicken Shop,1059,902,1365,2843,4159,7002,1961,10328,3.7882455460883038
Local Flavor,2178,2005,3695,8755,14640,23395,4183,31273,4.01282256259393
Civic Center,8,4,25,48,44,92,12,129,3.89922480620155
Mattresses,2862,541,450,948,4705,5653,3403,9506,3.4305701662108143
Radio Stations,96,43,49,97,187,284,139,472,3.5
Thai,8016,8105,12468,27745,37251,64996,16121,93585,3.834642303788
Smog Check Stations,1039,180,186,483,4328,4811,1219,6216,4.106981981981982
Paint & Sip,68,34,50,233,1104,1337,102,1489,4.5251846877098725
Kids Activities,706,493,570,1172,2662,3834,1199,5603,3.819382473674817
Team Building Activities,19,12,27,96,423,519,31,577,4.545927209705373
Art Classes,109,65,105,369,1635,2004,174,2283,4.469995619798511
Party & Event Planning,2582,1486,2031,4236,12865,17101,4068,23200,4.005
Colleges & Universities,645,181,283,646,1189,1835,826,2944,3.527513586956522
Pool & Hot Tub Service,715,102,55,137,2789,2926,817,3798,4.101369141653501
Customized Merchandise,130,15,22,45,500,545,145,712,4.081460674157303
Coffee Roasteries,147,223,466,1135,2170,3305,370,4141,4.197295339290027
Bagels,3230,2494,3165,5904,8890,14794,5724,23683,3.621965122661825
Office Cleaning,752,123,95,274,4349,4623,875,5593,4.3132487037368135
Hot Tub & Pool,675,107,80,171,1840,2011,782,2873,3.8332753219631046
Discount Store,2982,1234,1785,2238,2509,4747,4216,10748,3.005396352809825
Pet Boarding/Pet Sitting,2470,612,496,1354,11830,13184,3082,16762,4.161078630235055
Funeral Services & Cemeteries,182,38,35,89,725,814,220,1069,4.063610851262863
Damage Restoration,524,80,59,160,3893,4053,604,4716,4.445716709075488
Antiques,591,300,516,1285,2858,4143,891,5550,3.9944144144144142
Fences & Gates,195,42,25,68,954,1022,237,1284,4.202492211838006
Dive Bars,2017,1498,3033,6359,6833,13192,3515,19740,3.73419452887538
Wigs,331,100,146,215,579,794,431,1371,3.4456601021152444
Costumes,239,85,173,305,620,925,324,1422,3.690576652601969
Makeup Artists,1710,599,432,1151,12574,13725,2309,16466,4.353091218267946
Used,1457,721,1041,1870,3588,5458,2178,8677,3.62360262763628
Vintage & Consignment,1457,721,1041,1870,3588,5458,2178,8677,3.62360262763628
Food Trucks,1047,1035,1489,3770,9127,12897,2082,16468,4.147376730629099
Knitting Supplies,200,156,231,382,409,791,356,1378,3.467343976777939
Fabric Stores,332,175,223,439,779,1218,507,1948,3.5944558521560577
Pool Halls,602,433,720,1272,1271,2543,1035,4298,3.506514657980456
Tanning,1530,571,406,1095,8695,9790,2101,12297,4.207936895177686
Vitamins & Supplements,261,118,158,340,1588,1928,379,2465,4.166734279918864
Health Markets,1312,1072,1645,3951,6420,10371,2384,14400,3.909375
Community Centers,21,15,26,87,111,198,36,260,3.9692307692307693
Gastropubs,4618,5744,8798,17833,22305,40138,10362,59298,3.800414853789335
Shoe Shine,23,5,3,16,132,148,28,179,4.279329608938547
Tattoo Removal,267,59,33,93,1857,1950,326,2309,4.391944564746644
Serbo Croatian,3,3,6,33,27,60,6,72,4.083333333333333
International,191,161,297,528,718,1246,352,1895,3.749868073878628
Spray Tanning,418,159,105,336,4988,5324,577,6006,4.551282051282051
Home Automation,341,31,21,37,993,1030,372,1423,3.9205903021784962
Heating & Air Conditioning/HVAC,3973,484,281,638,12460,13098,4457,17836,3.9603050011213274
Podiatrists,281,48,28,73,831,904,329,1261,3.8921490880253766
Steakhouses,15945,16066,21805,42691,65562,108253,32011,162069,3.7765766432815653
Fish & Chips,1059,1008,1597,3394,4922,8316,2067,11980,3.8440734557595992
Outlet Stores,693,484,1034,1915,1868,3783,1177,5994,3.6307974641307976
Travel Services,1812,373,480,803,3283,4086,2185,6751,3.4994815582876613
Swimming Pools,1391,781,1191,2469,3787,6256,2172,9619,3.6736667013203035
Utilities,913,40,26,47,279,326,953,1305,2.0337164750957855
Ramen,1576,2107,4004,7609,9234,16843,3683,24530,3.8486750917244192
Battery Stores,142,35,15,59,301,360,177,552,3.619565217391304
Amusement Parks,1980,1441,2324,4612,6823,11435,3421,17180,3.7483701979045403
Arcades,1771,1221,1626,3158,4696,7854,2992,12472,3.6243585631815267
Go Karts,237,128,164,281,503,784,365,1313,3.521706016755522
Salad,13526,12474,17608,37374,59383,96757,26000,140365,3.830791151640366
Soup,4474,4224,6457,12932,18514,31446,8698,46601,3.789425119632626
Seafood Markets,416,438,733,1944,3217,5161,854,6748,4.05334914048607
Insulation Installation,110,16,10,17,471,488,126,624,4.158653846153846
Tapas Bars,2198,2397,4133,9223,13081,22304,4595,31032,3.9213714874967773
Cannabis Clinics,310,87,82,161,1367,1528,397,2007,4.090184354758346
Hotels,33369,21244,28270,46885,41790,88675,54613,171558,3.247630538943098
Tapas/Small Plates,2788,3524,5672,12878,20466,33344,6312,45328,3.98636604306389
Breweries,3100,3972,6773,14796,16621,31417,7072,45262,3.836595819893067
Pediatricians,1351,300,169,378,1862,2240,1651,4060,3.270935960591133
Prenatal/Perinatal Care,23,5,7,8,57,65,28,100,3.71
Lactation Services,34,8,6,21,351,372,42,420,4.54047619047619
Poutineries,310,520,1015,2098,2049,4147,830,5992,3.843791722296395
Bookstores,478,336,839,2072,3034,5106,814,6759,4.0131676283473885
Cafeteria,99,84,148,315,466,781,183,1112,3.8678057553956835
Firearm Training,41,9,10,27,573,600,50,660,4.63939393939394
Gun/Rifle Ranges,491,209,250,763,3268,4031,700,4981,4.226259787191327
Walk-in Clinics,239,48,34,69,257,326,287,647,3.088098918083462
Real Estate Agents,1084,83,44,126,5111,5237,1167,6448,4.255738213399503
Salvadoran,185,106,183,536,881,1417,291,1891,3.96351136964569
Greek,3938,3786,5639,13387,21562,34949,7724,48312,3.928320086106971
Trainers,3636,1573,1773,3378,11530,14908,5209,21890,3.803700319780722
Food Delivery Services,3415,2134,2999,6885,12516,19401,5549,27949,3.8212458406383054
Weight Loss Centers,963,240,162,461,4398,4859,1203,6224,4.139299485861183
Dermatologists,1180,248,116,283,1861,2144,1428,3688,3.3787960954446854
Pool Cleaners,904,134,54,144,3084,3228,1038,4320,4.011574074074074
Adult Entertainment,3009,1581,2332,3699,5209,8908,4590,15830,3.411749842072015
Pilates,574,224,266,676,3103,3779,798,4843,4.137724550898204
Climbing,73,51,89,390,787,1177,124,1390,4.271223021582734
Filipino,1144,898,1456,2653,2994,5647,2042,9145,3.5965008201202844
Gymnastics,118,38,44,110,612,722,156,922,4.1496746203904555
Recreation Centers,326,234,336,1026,2080,3106,560,4002,4.0744627686156925
Taxis,2538,290,189,416,1864,2280,2828,5297,2.769303379271286
Airport Shuttles,2617,364,278,626,2995,3621,2981,6880,3.1479651162790696
Bed & Breakfast,174,140,164,488,979,1467,314,1945,4.006683804627249
Bavarian,33,55,91,176,104,280,88,459,3.5729847494553377
Palatine,0,1,10,12,3,15,1,26,3.6538461538461537
Office Equipment,930,242,325,438,998,1436,1172,2933,3.1131946812137743
CPR Classes,28,6,6,28,374,402,34,442,4.615384615384615
First Aid Classes,12,5,6,19,271,290,17,313,4.699680511182109
Colonics,55,7,4,16,214,230,62,296,4.10472972972973
Middle Eastern,3694,2995,4830,11445,19822,31267,6689,42786,3.951385967372505
Imported Food,1095,832,1684,3599,3999,7598,1927,11209,3.765010259612811
Permanent Makeup,567,152,107,259,4134,4393,719,5219,4.387430542249473
Thrift Stores,877,635,943,1656,1923,3579,1512,6034,3.5159098442161087
Golf,1409,930,1223,2821,4220,7041,2339,10603,3.7085730453645196
Food Stands,514,526,978,2229,4539,6768,1040,8786,4.110061461415889
Street Vendors,416,440,749,1866,4368,6234,856,7839,4.190202831993877
Blow Dry/Out Services,917,336,252,640,7440,8080,1253,9585,4.392801251956182
Financial Advising,243,38,24,65,1080,1145,281,1450,4.173103448275862
Mortgage Brokers,1355,191,130,188,2177,2365,1546,4041,3.4060876020786934
Spanish,1150,1396,2287,4605,6967,11572,2546,16405,3.9047851264858275
Smokehouse,353,473,745,1718,2464,4182,826,5753,3.950286806883365
Registration Services,149,14,31,56,513,569,163,763,4.009174311926605
RV Repair,357,39,19,43,715,758,396,1173,3.6138107416879794
RV Dealers,465,50,34,69,702,771,515,1320,3.3734848484848485
Metal Fabricators,93,22,14,45,423,468,115,597,4.144053601340033
Do-It-Yourself Food,531,422,673,1425,2496,3921,953,5547,3.8893095366864974
Self Storage,1966,227,195,513,5845,6358,2193,8746,3.919734735879259
Head Shops,84,36,40,90,575,665,120,825,4.255757575757576
Carpet Installation,312,42,39,77,1439,1516,354,1909,4.199057097957046
Fruits & Veggies,542,446,736,2241,3943,6184,988,7908,4.087126960040465
Resorts,9469,6400,8497,14905,14215,29120,15869,53486,3.3364805743559063
Vacation Rentals,941,339,468,978,1039,2017,1280,3765,3.2217795484727754
Public Transportation,800,378,733,1045,838,1883,1178,3794,3.1958355297838694
Train Stations,40,83,257,248,104,352,123,732,3.400273224043716
Metro Stations,1,3,5,3,18,21,4,30,4.133333333333334
Hookah Bars,965,471,648,1215,2963,4178,1436,6262,3.7569466624081764
Home Inspectors,336,47,30,79,1762,1841,383,2254,4.279503105590062
Motorcycle Dealers,801,178,127,370,2045,2415,979,3521,3.761147401306447
Beer Gardens,659,579,934,2226,3235,5461,1238,7633,3.890737586794183
Comic Books,156,109,206,499,1463,1962,265,2433,4.23468968351829
Special Education,87,23,21,65,344,409,110,540,4.029629629629629
Pediatric Dentists,788,155,83,209,4602,4811,943,5837,4.31608703100908
Obstetricians & Gynecologists,1768,341,201,358,2591,2949,2109,5259,3.316219813652786
Pet Transportation,3,1,2,5,154,159,4,165,4.8545454545454545
Dog Walkers,138,34,17,59,2215,2274,172,2463,4.696711327649208
Boot Camps,391,140,158,412,3306,3718,531,4407,4.384615384615385
Interval Training Gyms,128,39,36,110,1871,1981,167,2184,4.628663003663004
Hospitals,3016,548,437,898,2685,3583,3564,7584,2.9588607594936707
Noodles,2904,2747,5273,11024,12859,23883,5651,34807,3.8098083718792197
Solar Installation,349,47,24,53,946,999,396,1419,3.8456659619450315
Maternity Wear,121,54,63,124,259,383,175,621,3.5571658615136874
Parenting Classes,8,1,5,4,36,40,9,54,4.092592592592593
Diagnostic Services,1551,317,254,412,1788,2200,1868,4322,3.1316520129569643
Diagnostic Imaging,766,164,135,208,1095,1303,930,2368,3.2964527027027026
Windshield Installation & Repair,1297,254,201,448,5021,5469,1551,7221,4.058302174214098
Estate Planning Law,95,8,4,21,535,556,103,663,4.346907993966817
Bankruptcy Law,165,15,6,23,681,704,180,890,4.168539325842697
Personal Injury Law,337,25,14,62,2081,2143,362,2519,4.399364827312426
Portuguese,535,513,948,1961,2258,4219,1048,6215,3.78744971842317
Real Estate Services,2918,379,249,458,6258,6716,3297,10262,3.658643539271097
Szechuan,836,507,731,1583,2241,3824,1343,5898,3.658867412682265
Martial Arts,329,82,76,228,3079,3307,411,3794,4.488139167105957
Gas Stations,3371,1108,1538,2504,4089,6593,4479,12610,3.2245836637589216
Organic Stores,466,434,716,1741,2735,4476,900,6092,3.9594550229809586
Indonesian,66,95,210,379,382,761,161,1132,3.8091872791519434
Couriers & Delivery Services,1245,136,146,264,1664,1928,1381,3455,3.2795947901591895
Tacos,747,679,977,2227,4943,7170,1426,9573,4.038336989449493
Threading Services,430,179,122,488,3649,4137,609,4868,4.385990139687757
Truck Rental,690,86,90,181,833,1014,776,1880,3.2026595744680852
Parking,475,95,111,258,927,1185,570,1866,3.5718113612004285
Cosmetic Surgeons,710,125,71,165,2907,3072,835,3978,4.114630467571644
Farmers Market,511,530,943,3091,5413,8504,1041,10488,4.178966437833715
Legal Services,173,11,8,29,1046,1075,184,1267,4.392265193370166
Criminal Defense Law,288,22,11,43,1669,1712,310,2033,4.368912936546975
Rugs,359,78,64,183,588,771,437,1272,3.4426100628930816
Halal,1943,1318,2077,4544,7955,12499,3261,17837,3.854964399843023
Children's Clothing,772,435,543,977,1573,2550,1207,4300,3.4986046511627906
Decks & Railing,57,17,10,27,164,191,74,275,3.8145454545454545
Wheel & Rim Repair,850,202,146,446,4279,4725,1052,5923,4.199054533175755
Bail Bondsmen,26,0,2,2,135,137,26,165,4.333333333333333
Kosher,379,282,400,910,1753,2663,661,3724,3.906552094522019
Food Court,461,381,568,820,786,1606,842,3016,3.361074270557029
Lingerie,379,199,246,490,1452,1942,578,2766,3.8810556760665222
Educational Services,153,72,104,347,1207,1554,225,1883,4.265533722782793
Tutoring Centers,37,8,11,41,435,476,45,532,4.55827067669173
Preschools,612,119,86,249,2410,2659,731,3476,4.071921749136939
Austrian,37,46,55,163,180,343,83,481,3.8378378378378377
International Grocery,163,106,240,713,770,1483,269,1992,3.914156626506024
Signmaking,485,113,95,192,1067,1259,598,1952,3.636782786885246
Hawaiian,1998,1888,3266,7637,13741,21378,3886,28530,4.024710830704522
Investing,143,24,14,33,360,393,167,574,3.7717770034843205
Southern,3989,4142,5806,12325,17193,29518,8131,43455,3.796018870095501
Dominican,37,28,32,74,158,232,65,329,3.8753799392097266
Paintball,55,26,42,85,245,330,81,453,3.9690949227373067
Custom Cakes,270,210,311,698,2033,2731,480,3522,4.1396933560477
Adult,121,64,132,295,1004,1299,185,1616,4.235767326732673
Visitor Centers,0,1,1,18,34,52,1,54,4.574074074074074
Belgian,400,528,841,1641,1322,2963,928,4732,3.624894336432798
Recycling Center,175,36,27,91,411,502,211,740,3.712162162162162
Race Tracks,107,53,84,193,593,786,160,1030,4.079611650485437
Music & DVDs,503,297,502,1402,1986,3388,800,4690,3.8680170575692965
Vinyl Records,105,81,168,558,1093,1651,186,2005,4.223441396508728
Meat Shops,586,454,754,2533,5713,8246,1040,10040,4.2283864541832665
Vegan,3620,3969,6661,16664,31611,48275,7589,62525,4.098392642942823
Cuban,376,426,537,1285,1752,3037,802,4376,3.8251828153564897
Campgrounds,139,63,76,180,297,477,202,755,3.5735099337748344
Wine Tours,16,7,16,29,227,256,23,295,4.505084745762712
Lebanese,567,506,744,2011,4387,6398,1073,8215,4.113207547169812
Refinishing Services,68,17,10,53,1173,1226,85,1321,4.700227100681302
Kitchen & Bath,1159,389,611,1413,3467,4880,1548,7039,3.801250177582043
Brasseries,536,749,1412,2784,2844,5628,1285,8325,3.7989189189189188
Festivals,652,511,898,1560,1840,3400,1163,5461,3.6271745101629738
Dance Schools,97,44,53,153,847,1000,141,1194,4.347571189279732
Dance Studios,175,82,82,274,2119,2393,257,2732,4.493411420204978
Creperies,993,1121,1956,4575,7294,11869,2114,15939,4.007340485601355
Flooring,1180,206,151,342,4878,5220,1386,6757,4.114695870948646
Cocktail Bars,8574,8270,12048,24757,37413,62170,16844,91062,3.8144451033361886
Electricians,879,84,56,169,3462,3631,963,4650,4.129247311827957
Country Clubs,76,46,82,169,281,450,122,654,3.814984709480122
Amateur Sports Teams,262,109,212,613,1073,1686,371,2269,3.9369766416923757
Day Camps,31,9,13,40,155,195,40,248,4.125
Cheesesteaks,1359,1115,1396,2820,4807,7627,2474,11497,3.7481082021396888
Pasta Shops,318,296,377,833,1840,2673,614,3664,3.9773471615720526
Horseback Riding,152,49,89,203,773,976,201,1266,4.102685624012638
Boxing,143,55,62,169,1602,1771,198,2031,4.492860659773511
Turkish,404,441,743,1872,2741,4613,845,6201,3.98451862602806
Laboratory Testing,623,126,100,159,515,674,749,1523,2.8798424162836507
Dog Parks,167,158,322,872,1089,1961,325,2608,3.980828220858896
Tanning Beds,186,73,52,135,935,1070,259,1381,4.12961622013034
Home Energy Auditors,31,7,5,21,332,353,38,396,4.555555555555555
Airports,2643,1480,3048,4045,2137,6182,4123,13353,3.1163034524076987
Pharmacy,128,55,65,111,173,284,183,532,3.274436090225564
Tai Chi,14,3,3,11,190,201,17,221,4.6289592760181
Employment Agencies,321,40,26,45,489,534,361,921,3.3702497285559176
Musical Instruments & Teachers,324,153,184,484,1683,2167,477,2828,4.078147100424328
Watch Repair,280,70,56,166,2003,2169,350,2575,4.375533980582524
Watches,613,149,136,379,2593,2972,762,3870,4.082687338501292
Air Duct Cleaning,362,60,54,144,3372,3516,422,3992,4.529058116232465
Herbs & Spices,46,20,64,225,843,1068,66,1198,4.501669449081803
Pan Asian,514,429,605,888,851,1739,943,3287,3.344691207788257
Orthotics,79,19,11,25,222,247,98,356,3.8202247191011236
Tree Services,643,117,91,236,2681,2917,760,3768,4.113322717622081
Accountants,258,36,11,60,1384,1444,294,1749,4.301315037164094
Tax Services,314,51,29,72,1501,1573,365,1967,4.217590238942552
Party Supplies,512,175,324,578,1951,2529,687,3540,3.9268361581920903
Shanghainese,75,31,94,163,136,299,106,499,3.509018036072144
Child Care & Day Care,777,202,218,577,2782,3359,979,4556,3.962467076382792
Middle Schools & High Schools,176,23,39,97,457,554,199,792,3.803030303030303
Elementary Schools,422,73,68,182,1440,1622,495,2185,3.9816933638443937
Montessori Schools,21,2,1,3,147,150,23,174,4.454022988505747
Butcher,368,296,468,1397,2967,4364,664,5496,4.146106259097525
Airlines,3725,591,464,732,997,1729,4316,6509,2.1834383161776003
Public Markets,5,24,97,328,731,1059,29,1185,4.481856540084388
Computers,2493,712,676,1161,3970,5131,3205,9012,3.377607634265424
Guitar Stores,129,52,49,91,269,360,181,590,3.5406779661016947
Musical Instrument Services,173,58,58,118,642,760,231,1049,3.9513822688274547
Screen Printing,190,75,81,185,775,960,265,1306,3.980091883614089
Beer Hall,43,34,42,36,20,56,77,175,2.7485714285714287
Laser Hair Removal,1103,300,217,496,4849,5345,1403,6965,4.103804737975592
Ear Nose & Throat,396,71,32,89,467,556,467,1055,3.1516587677725116
Garage Door Services,448,71,71,172,4161,4333,519,4923,4.528945764777575
Religious Organizations,262,121,240,628,2424,3052,383,3675,4.314557823129252
Churches,183,80,134,395,1891,2286,263,2683,4.3906075288855755
Float Spa,26,10,18,53,388,441,36,495,4.5494949494949495
Oxygen Bars,23,11,9,33,238,271,34,314,4.439490445859873
Pawn Shops,479,196,265,291,1115,1406,675,2346,3.582693947144075
Baby Gear & Furniture,707,297,344,702,1667,2369,1004,3717,3.625504439063761
RV Parks,157,57,78,141,186,327,214,619,3.2294022617124396
Modern European,556,720,1267,2914,4308,7222,1276,9765,3.9931387608806963
Art Schools,103,51,75,301,1279,1580,154,1809,4.4383637368711994
Hungarian,66,63,108,234,249,483,129,720,3.745833333333333
Gay Bars,674,352,639,1126,1318,2444,1026,4109,3.5018252616208323
Casinos,21948,14485,19419,29694,23470,53164,36433,109016,3.1674341381081677
Infectious Disease Specialists,4,0,0,1,6,7,4,11,3.4545454545454546
Landmarks & Historical Buildings,221,322,966,2690,4395,7085,543,8594,4.246916453339539
Vehicle Shipping,35,3,2,5,202,207,38,247,4.3603238866396765
Vinyl Siding,89,10,4,15,135,150,99,253,3.383399209486166
Boating,174,73,94,269,749,1018,247,1359,3.9904341427520236
ATV Rentals/Tours,90,25,15,59,695,754,115,884,4.407239819004525
Motorcycle Gear,290,42,39,111,649,760,332,1131,3.6958443854995577
Check Cashing/Pay-day Loans,165,32,29,45,402,447,197,673,3.723625557206538
Malaysian,347,388,794,1733,1758,3491,735,5020,3.8300796812749005
Baseball Fields,68,92,261,610,778,1388,160,1809,4.071310116086235
British,1046,1399,2635,5876,6484,12360,2445,17440,3.8803325688073396
Patisserie/Cake Shop,150,174,379,906,1955,2861,324,3564,4.218294051627385
Haunted Houses,151,95,107,121,198,319,246,672,3.1785714285714284
Pet Breeders,62,12,7,14,164,178,74,259,3.7953667953667956
Mongolian,396,403,623,1154,1331,2485,799,3907,3.670847197338111
Dim Sum,2673,2452,4573,7300,4962,12262,5125,21960,3.4292349726775955
Sleep Specialists,77,4,4,12,144,156,81,241,3.5892116182572615
Beaches,86,50,122,327,342,669,136,927,3.8511326860841426
Social Clubs,992,901,1339,1540,1337,2877,1893,6109,3.2175478801767885
Home Theatre Installation,115,26,24,42,1316,1358,141,1523,4.587655942219304
Libraries,107,175,346,865,1241,2106,282,2734,4.081931236283833
Musicians,152,155,281,485,604,1089,307,1677,3.7358378056052475
Market Stalls,1,10,37,150,525,675,11,723,4.643153526970955
Telecommunications,709,63,53,103,577,680,772,1505,2.8511627906976744
Bubble Tea,1263,1280,2271,4550,9068,13618,2543,18432,4.024305555555555
Occupational Therapy,180,29,29,37,281,318,209,556,3.3776978417266186
Speech Therapists,80,14,14,15,130,145,94,253,3.399209486166008
Commercial Real Estate,257,20,11,29,782,811,277,1099,3.9636032757051867
Web Design,299,27,25,75,1806,1881,326,2232,4.371863799283154
Guns & Ammo,767,294,333,865,3951,4816,1061,6210,4.1173913043478265
Basketball Courts,41,25,46,69,97,166,66,278,3.5611510791366907
Eyebrow Services,477,196,148,459,3998,4457,673,5278,4.384046987495263
Employment Law,60,1,1,12,291,303,61,365,4.295890410958904
Payroll Services,51,9,2,10,494,504,60,566,4.567137809187279
Flea Markets,68,74,148,183,214,397,142,687,3.583697234352256
Yelp Events,41,38,75,237,967,1204,79,1358,4.510309278350515
Cantonese,1468,957,1411,2562,2698,5260,2425,9096,3.446899736147757
Hostels,224,139,222,482,731,1213,363,1798,3.7547274749721913
Face Painting,15,4,2,5,301,306,19,327,4.752293577981652
Divorce & Family Law,249,14,6,29,960,989,263,1258,4.142289348171701
Mediators,11,0,0,1,49,50,11,61,4.262295081967213
Allergists,211,36,21,63,405,468,247,736,3.563858695652174
Carpenters,25,5,2,8,272,280,30,312,4.592948717948718
Drywall Installation & Repair,81,12,12,29,1080,1109,93,1214,4.659802306425041
Cabinetry,236,52,27,57,998,1055,288,1370,4.116058394160584
Horse Equipment Shops,19,6,8,15,34,49,25,82,3.475609756097561
Farming Equipment,17,10,7,13,38,51,27,85,3.5294117647058822
Livestock Feed & Supply,17,5,11,32,164,196,22,229,4.401746724890829
University Housing,330,70,54,96,231,327,400,781,2.7797695262483995
Cooking Schools,147,61,84,282,759,1041,208,1333,4.084021005251313
Furniture Repair,54,12,6,19,348,367,66,439,4.355353075170843
Furniture Assembly,56,11,10,16,354,370,67,447,4.344519015659955
Arabian,205,112,165,410,1126,1536,317,2018,4.060455896927651
Home Health Care,393,34,31,66,725,791,427,1249,3.55724579663731
Meditation Centers,33,19,32,96,548,644,52,728,4.520604395604396
Pressure Washers,114,23,20,54,1833,1887,137,2044,4.697162426614481
Animal Shelters,413,114,137,260,1038,1298,527,1962,3.711518858307849
Town Car Service,34,2,1,7,123,130,36,167,4.095808383233533
Art Supplies,472,306,424,877,1284,2161,778,3363,3.6526910496580434
Psychiatrists,201,15,11,15,160,175,216,402,2.7960199004975124
Condominiums,51,17,19,36,61,97,68,184,3.2119565217391304
Plus Size Fashion,335,87,81,195,694,889,422,1392,3.593390804597701
Hydro-jetting,40,4,9,16,365,381,44,434,4.525345622119816
Currency Exchange,37,4,10,39,139,178,41,229,4.043668122270742
Architects,28,6,13,82,220,302,34,349,4.318051575931232
Summer Camps,164,87,85,295,1012,1307,251,1643,4.158855751673768
Brazilian,1138,847,1220,2264,3917,6181,1985,9386,3.7431280630726613
Bistros,204,261,482,1096,1072,2168,465,3115,3.8253611556982343
Motorsport Vehicle Dealers,56,8,3,11,60,71,64,138,3.079710144927536
Driving Schools,136,41,61,100,949,1049,177,1287,4.309246309246309
Ethnic Grocery,56,33,58,124,137,261,89,408,3.6200980392156863
Airport Terminals,29,19,44,142,78,220,48,312,3.7083333333333335
Boat Charters,75,33,65,159,304,463,108,636,3.9182389937106916
Beer Tours,4,3,11,32,55,87,7,105,4.247619047619048
Life Insurance,85,12,0,14,584,598,97,695,4.438848920863309
Jet Skis,17,9,3,6,188,194,26,223,4.520179372197309
Osteopathic Physicians,93,20,9,27,218,245,113,367,3.7002724795640325
Architectural Tours,4,4,10,81,146,227,8,245,4.473469387755102
Henna Artists,97,33,30,85,1347,1432,130,1592,4.603015075376884
Cycling Classes,74,38,56,199,1139,1338,112,1506,4.52124833997344
Retirement Homes,146,24,15,32,369,401,170,586,3.7747440273037545
Tennis,90,59,84,239,425,664,149,897,3.947603121516165
Cabaret,64,43,57,87,194,281,107,445,3.68314606741573
Cooking Classes,59,55,62,171,460,631,114,807,4.137546468401487
Wine Tasting Classes,4,2,8,7,25,32,6,46,4.021739130434782
Tasting Classes,47,52,135,196,291,487,99,721,3.8765603328710125
Traditional Chinese Medicine,119,33,29,100,949,1049,152,1230,4.404065040650407
Cosmetology Schools,471,137,163,448,876,1324,608,2095,3.5350835322195704
Business Law,61,4,0,9,383,392,65,457,4.420131291028446
Travel Agents,101,4,7,8,60,68,105,180,2.566666666666667
Soccer,82,32,76,152,252,404,114,594,3.774410774410774
Jazz & Blues,615,608,984,2341,2821,5162,1223,7369,3.833898765097028
Skydiving,20,3,16,56,334,390,23,429,4.5874125874125875
Lakes,27,31,56,215,675,890,58,1004,4.47410358565737
Holistic Animal Care,7,1,1,2,86,88,8,97,4.639175257731959
College Counseling,28,4,4,14,49,63,32,99,3.525252525252525
Water Purification Services,621,71,44,94,1866,1960,692,2696,3.932121661721068
Knife Sharpening,16,5,4,17,169,186,21,211,4.507109004739337
RV Rental,386,45,35,101,517,618,431,1084,3.293357933579336
Opera & Ballet,65,36,67,201,420,621,101,789,4.108998732572877
Immigration Law,56,9,3,6,277,283,65,351,4.250712250712251
Private Tutors,27,5,3,33,461,494,32,529,4.693761814744802
Cheese Shops,198,173,281,988,1942,2930,371,3582,4.201284198771636
Fitness/Exercise Equipment,158,58,84,111,261,372,216,672,3.3854166666666665
Periodontists,561,88,48,127,2349,2476,649,3173,4.139300346675071
Tubing,12,11,17,29,87,116,23,156,4.076923076923077
Homeowner Association,20,1,0,4,23,27,21,48,3.1875
Water Delivery,278,15,7,26,235,261,293,561,2.8663101604278074
Photo Booth Rentals,28,2,8,28,974,1002,30,1040,4.844230769230769
Pain Management,208,32,15,34,580,614,240,869,3.858457997698504
Party Bus Rentals,304,50,43,149,1435,1584,354,1981,4.191822311963655
Outdoor Furniture Stores,114,38,65,107,350,457,152,674,3.8026706231454006
Macarons,148,225,390,991,1661,2652,373,3415,4.110395314787701
Car Window Tinting,181,39,36,100,2227,2327,220,2583,4.6078203639179245
Home Organization,160,26,24,57,1041,1098,186,1308,4.370795107033639
TV Mounting,28,5,6,10,516,526,33,565,4.736283185840708
Demolition Services,10,0,1,4,139,143,10,154,4.701298701298701
Leisure Centers,105,59,130,356,718,1074,164,1368,4.113304093567251
Massage Schools,46,20,27,76,194,270,66,363,3.9696969696969697
Surgeons,206,31,23,51,445,496,237,756,3.6587301587301586
Cryotherapy,5,2,2,4,212,216,7,225,4.848888888888889
Skate Parks,42,23,38,95,161,256,65,359,3.863509749303621
Perfume,2,0,6,30,43,73,2,81,4.382716049382716
Country Dance Halls,274,151,170,298,404,702,425,1297,3.3138010794140325
Public Relations,42,11,9,8,108,116,53,178,3.7247191011235956
Colombian,82,67,130,521,1293,1814,149,2093,4.3741041567128525
General Litigation,103,6,3,17,729,746,109,858,4.472027972027972
Historical Tours,12,8,11,50,303,353,20,384,4.625
Food Tours,13,3,15,73,566,639,16,670,4.755223880597015
Home Staging,59,14,15,52,848,900,73,988,4.635627530364372
African,738,778,1240,2108,2544,4652,1516,7408,3.6671166306695464
Swimwear,101,52,83,123,403,526,153,762,3.8858267716535435
Teeth Whitening,104,23,25,63,836,899,127,1051,4.431018078020933
Medical Cannabis Referrals,22,7,5,9,91,100,29,134,4.044776119402985
Cannabis Dispensaries,117,44,37,72,608,680,161,878,4.150341685649202
Cannabis Tours,7,2,1,6,33,39,9,49,4.142857142857143
Radiologists,511,106,89,108,375,483,617,1189,2.7729184188393607
Races & Competitions,69,39,61,119,140,259,108,428,3.5186915887850465
Souvenir Shops,105,113,353,618,813,1431,218,2002,3.9595404595404595
Vehicle Wraps,83,21,3,29,1220,1249,104,1356,4.682890855457227
Pet Adoption,415,98,97,203,871,1074,513,1684,3.603919239904988
Paint-Your-Own Pottery,46,12,28,84,153,237,58,323,3.8854489164086687
Recording & Rehearsal Studios,33,6,12,25,203,228,39,279,4.28673835125448
Donairs,43,46,72,127,219,346,89,507,3.854043392504931
Auto Loan Providers,778,90,69,116,736,852,868,1789,2.967579653437675
Holiday Decorating Services,12,3,0,0,58,58,15,73,4.219178082191781
Emergency Rooms,607,123,65,144,580,724,730,1519,2.978275181040158
Cardio Classes,169,49,60,150,500,650,218,928,3.822198275862069
Russian,126,142,248,655,1106,1761,268,2277,4.086078173034695
Brewing Supplies,22,8,16,59,232,291,30,337,4.397626112759644
Ethiopian,199,211,461,1267,1457,2724,410,3595,3.9936022253129346
Grilling Equipment,11,1,2,8,80,88,12,102,4.421568627450981
Mailbox Centers,111,19,12,31,340,371,130,513,3.9161793372319686
Party Equipment Rentals,221,51,65,179,1703,1882,272,2219,4.393420459666516
Pet Cremation Services,63,10,13,17,234,251,73,337,4.035608308605341
Vascular Medicine,9,1,1,1,22,23,10,34,3.764705882352941
Nurse Practitioner,11,0,2,4,51,55,11,68,4.235294117647059
Guest Houses,51,24,66,202,314,516,75,657,4.071537290715373
Curry Sausage,17,23,61,105,136,241,40,342,3.935672514619883
Personal Shopping,184,71,81,243,831,1074,255,1410,4.039716312056737
Persian/Iranian,609,447,711,1622,2921,4543,1056,6310,3.9190174326465925
Aquariums,355,434,772,1213,1448,2661,789,4222,3.702273803884415
Botanical Gardens,95,170,369,980,2080,3060,265,3694,4.293990254466703
Awnings,36,3,3,9,153,162,39,204,4.176470588235294
Patio Coverings,78,17,6,22,540,562,95,663,4.4012066365007545
Aquarium Services,81,25,27,77,331,408,106,541,4.020332717190388
Bus Tours,180,59,43,90,460,550,239,832,3.7103365384615383
Moroccan,174,197,275,655,1239,1894,371,2540,4.018897637795275
Clock Repair,9,5,1,8,48,56,14,71,4.140845070422535
Fingerprinting,18,2,4,20,243,263,20,287,4.630662020905923
Data Recovery,273,27,30,87,1732,1819,300,2149,4.385760818985575
Religious Schools,7,2,0,8,64,72,9,81,4.481481481481482
Screen Printing/T-Shirt Printing,133,17,17,64,1109,1173,150,1340,4.49179104477612
Skating Rinks,174,102,179,380,355,735,276,1190,3.53781512605042
Gutter Services,75,9,5,15,607,622,84,711,4.504922644163151
Wine Tasting Room,34,27,35,133,361,494,61,590,4.288135593220339
Ticket Sales,265,84,152,345,772,1117,349,1618,3.788009888751545
Pool & Billiards,64,19,15,31,273,304,83,402,4.069651741293533
Horse Boarding,18,3,1,9,75,84,21,106,4.132075471698113
Motorcycle Rental,93,15,9,27,283,310,108,427,3.918032786885246
Cultural Center,38,45,82,236,352,588,83,753,4.087649402390438
Dental Hygienists,15,0,2,12,128,140,15,157,4.515923566878981
Shutters,138,37,16,34,789,823,175,1014,4.281065088757397
Countertop Installation,87,15,13,20,372,392,102,507,4.134122287968442
Debt Relief Services,34,1,1,6,75,81,35,117,3.7435897435897436
Psychics & Astrologers,164,84,206,543,1681,2224,248,2678,4.304331590739357
Scottish,68,112,316,649,796,1445,180,1941,4.026790314270994
Anesthesiologists,91,11,7,9,92,101,102,210,3.0
Art Museums,43,77,180,569,765,1334,120,1634,4.184822521419829
Irish Pub,649,503,843,1770,1733,3503,1152,5498,3.6247726445980355
Packing Supplies,95,7,6,23,436,459,102,567,4.231040564373898
Buddhist Temples,3,3,3,47,111,158,6,167,4.5568862275449105
Concept Shops,1,3,5,7,31,38,4,47,4.361702127659575
Uzbek,10,6,10,39,44,83,16,109,3.926605504587156
Speakeasies,72,62,91,193,408,601,134,826,3.9721549636803872
Hot Pot,556,429,796,1414,1937,3351,985,5132,3.73012470771629
Trampoline Parks,244,128,168,388,609,997,372,1537,3.6441119063109952
Piano Stores,8,0,3,8,33,41,8,52,4.115384615384615
Bookkeepers,24,1,1,2,158,160,25,186,4.446236559139785
Personal Care Services,9,1,1,3,70,73,10,84,4.476190476190476
Nanny Services,23,1,2,9,229,238,24,264,4.590909090909091
Pole Dancing Classes,8,3,6,32,240,272,11,289,4.705882352941177
Chimney Sweeps,23,2,3,8,192,200,25,228,4.508771929824562
Environmental Testing,3,1,0,1,32,33,4,37,4.5675675675675675
Tiki Bars,86,81,167,487,1220,1707,167,2041,4.310142087212151
Falafel,305,261,344,816,1721,2537,566,3447,3.9825935596170585
Singaporean,92,140,289,505,564,1069,232,1590,3.8232704402515725
Czech,15,18,27,59,132,191,33,251,4.095617529880478
Czech/Slovakian,2,4,5,7,10,17,6,28,3.6785714285714284
Fondue,348,345,599,1222,2120,3342,693,4634,3.9540353905912817
Golf Lessons,54,33,41,104,203,307,87,435,3.8482758620689657
Fire Protection Services,45,6,1,6,338,344,51,396,4.47979797979798
Poke,311,406,640,1562,4685,6247,717,7604,4.3024723829563385
Adult Education,322,78,146,205,867,1072,400,1618,3.7521631644004945
Vocational & Technical School,177,33,37,105,409,514,210,761,3.704336399474376
Zoos,270,270,553,1278,1602,2880,540,3973,3.9242386106216967
Mountain Biking,103,43,40,230,1095,1325,146,1511,4.436796823295831
Wildlife Control,24,3,3,7,159,166,27,196,4.3979591836734695
Prosthetics,31,0,2,4,40,44,31,77,3.2857142857142856
Club Crawl,37,12,14,40,104,144,49,207,3.782608695652174
Shared Office Spaces,40,20,24,98,343,441,60,525,4.3028571428571425
Health Retreats,171,84,125,499,823,1322,255,1702,4.009988249118684
Military Surplus,15,6,6,9,8,17,21,44,2.75
Escape Games,164,148,249,614,2661,3275,312,3836,4.423357664233577
Emergency Pet Hospital,305,67,58,131,785,916,372,1346,3.760772659732541
Walking Tours,10,8,16,53,412,465,18,499,4.701402805611222
Gelato,429,444,743,1932,5236,7168,873,8784,4.263888888888889
Workers Compensation Law,30,2,0,9,175,184,32,216,4.375
Coffee & Tea Supplies,26,27,43,91,210,301,53,397,4.08816120906801
Hunting & Fishing Supplies,143,57,72,227,295,522,200,794,3.596977329974811
Packing Services,360,28,35,77,1481,1558,388,1981,4.156486622917718
Flight Instruction,24,5,3,28,182,210,29,242,4.400826446280992
Hot Air Balloons,15,1,2,27,343,370,16,388,4.757731958762887
Placenta Encapsulations,13,1,1,2,147,149,14,164,4.640243902439025
Neurologist,270,38,22,29,265,294,308,624,2.969551282051282
Officiants,42,12,9,30,545,575,54,638,4.605015673981192
Wedding Chapels,245,105,146,325,1440,1765,350,2261,4.154356479433879
Motorsport Vehicle Repairs,43,6,3,9,45,54,49,106,3.0660377358490565
Acai Bowls,199,186,232,490,1257,1747,385,2364,4.023688663282572
Laser Tag,143,81,132,309,477,786,224,1142,3.7845884413309983
Tiling,172,29,30,61,1515,1576,201,1807,4.50415052573326
Afghan,285,206,401,1028,1513,2541,491,3433,3.9548499854354793
Mini Golf,278,221,352,741,924,1665,499,2516,3.7201907790143083
Skilled Nursing,45,7,5,16,49,65,52,122,3.139344262295082
Assisted Living Facilities,40,8,5,10,74,84,48,137,3.510948905109489
Sugaring,31,12,10,38,1001,1039,43,1092,4.8003663003663
Local Fish Stores,77,19,22,65,297,362,96,480,4.0125
Boat Dealers,71,6,10,29,230,259,77,346,3.985549132947977
Polish,173,179,355,1077,1931,3008,352,3715,4.188156123822342
Tabletop Games,62,42,62,141,430,571,104,737,4.132971506105834
Auto Security,30,7,6,13,310,323,37,366,4.546448087431694
Senior Centers,8,2,1,9,12,21,10,32,3.46875
Live/Raw Food,392,412,702,1566,3008,4574,804,6080,4.050328947368421
Christmas Trees,140,36,46,110,582,692,176,914,4.048140043763676
Process Servers,1,0,0,1,74,75,1,76,4.934210526315789
Armenian,21,15,24,47,141,188,36,248,4.096774193548387
Propane,192,27,29,76,243,319,219,567,3.2663139329805997
Ski Resorts,107,78,80,135,121,256,185,521,3.163147792706334
Buses,223,70,96,146,323,469,293,858,3.3216783216783217
Challenge Courses,127,98,150,357,1567,1924,225,2299,4.365376250543715
Peruvian,265,292,506,1522,2407,3929,557,4992,4.1045673076923075
Home Network Installation,23,5,3,7,434,441,28,472,4.745762711864407
Real Estate Photography,3,2,1,3,243,246,5,252,4.908730158730159
Psychologists,46,5,4,5,60,65,51,120,3.2333333333333334
Furniture Rental,7,3,2,9,78,87,10,99,4.494949494949495
Teppanyaki,327,303,416,806,1618,2424,630,3470,3.889048991354467
Pretzels,271,212,231,540,841,1381,483,2095,3.700715990453461
Batting Cages,8,5,8,25,170,195,13,216,4.592592592592593
Uniforms,155,41,34,105,535,640,196,870,3.947126436781609
Title Loans,51,9,5,10,191,201,60,266,4.056390977443609
Saunas,16,17,40,78,207,285,33,358,4.237430167597766
Police Departments,165,21,25,48,116,164,186,375,2.8106666666666666
Scuba Diving,37,10,5,17,289,306,47,358,4.427374301675978
Fishing,32,20,34,158,276,434,52,520,4.203846153846154
Aircraft Dealers,0,1,1,3,15,18,1,20,4.6
Aircraft Repairs,13,3,1,2,9,11,16,28,2.6785714285714284
Internet Cafes,226,242,412,1178,2482,3660,468,4540,4.2
Tableware,6,2,4,10,10,20,8,32,3.5
Personal Assistants,49,14,12,18,451,469,63,544,4.485294117647059
Oncologist,59,9,14,13,90,103,68,185,3.3567567567567567
Magicians,189,173,216,300,1285,1585,362,2163,4.072122052704577
Bike Sharing,11,7,6,26,37,63,18,87,3.8160919540229883
Swiss Food,2,1,2,6,4,10,3,15,3.6
Surfing,3,2,4,6,32,38,5,47,4.319148936170213
Mobile Dent Repair,124,29,34,75,773,848,153,1035,4.298550724637681
Mobility Equipment Sales & Services,5,2,0,3,81,84,7,91,4.681318681318682
Medical Transportation,216,23,10,24,169,193,239,442,2.7895927601809953
Embroidery & Crochet,112,23,16,56,475,531,135,682,4.112903225806452
Urologists,215,15,15,29,116,145,230,390,2.528205128205128
Auction Houses,175,38,23,46,155,201,213,437,2.926773455377574
Taekwondo,7,3,2,4,177,181,10,193,4.766839378238342
Swimming Lessons/Schools,94,58,31,136,620,756,152,939,4.203407880724175
Coffeeshops,119,101,181,268,335,603,220,1004,3.596613545816733
Cremation Services,26,3,1,6,58,64,29,94,3.7127659574468086
Mortuary Services,11,2,2,8,42,50,13,65,4.046153846153846
Nail Technicians,144,50,28,79,1141,1220,194,1442,4.402912621359223
Bounce House Rentals,3,0,0,1,36,37,3,40,4.675
Software Development,52,2,6,16,139,155,54,215,3.874418604651163
Blood & Plasma Donation Centers,89,31,20,69,109,178,120,318,3.2452830188679247
Talent Agencies,52,3,2,1,167,168,55,225,4.013333333333334
Argentine,113,117,206,521,1262,1783,230,2219,4.217665615141956
Rheumatologists,54,6,7,6,27,33,60,100,2.46
Kebab,96,68,163,305,564,869,164,1196,3.980769230769231
Rest Stops,5,2,12,20,4,24,7,43,3.372093023255814
Trailer Rental,1,0,0,0,19,19,1,20,4.8
IV Hydration,14,3,3,11,372,383,17,403,4.79652605459057
Bartenders,29,15,15,58,315,373,44,432,4.423611111111111
Dinner Theater,36,46,83,175,292,467,82,632,4.014240506329114
Water Stores,38,9,8,42,210,252,47,307,4.228013029315961
Translation Services,34,10,18,75,316,391,44,453,4.3885209713024285
New Mexican Cuisine,606,750,1065,2633,4521,7154,1356,9575,4.014412532637076
Prosthodontists,5,3,3,4,177,181,8,192,4.796875
Cambodian,81,87,166,423,698,1121,168,1455,4.079037800687285
Professional Sports Teams,79,62,155,425,508,933,141,1229,3.9934906427990238
Nursing Schools,3,1,1,0,12,12,4,17,4.0
Sri Lankan,27,37,44,149,148,297,64,405,3.8740740740740742
Used Bookstore,20,14,35,105,138,243,34,312,4.048076923076923
Test Preparation,32,5,5,23,239,262,37,304,4.421052631578948
Boat Tours,4,3,6,7,39,46,7,59,4.254237288135593
Himalayan/Nepalese,120,121,238,655,943,1598,241,2077,4.049590755897929
Boudoir Photography,4,0,1,2,109,111,4,116,4.827586206896552
Fertility,175,30,17,30,418,448,205,670,3.725373134328358
Farms,42,28,41,120,206,326,70,437,3.9610983981693364
Brazilian Jiu-jitsu,2,0,0,7,201,208,2,210,4.928571428571429
Spiritual Shop,44,11,11,44,304,348,55,414,4.335748792270532
Estate Liquidation,60,6,6,11,67,78,66,150,3.1266666666666665
Champagne Bars,150,135,231,508,487,995,285,1511,3.6929185969556584
Dietitians,7,0,1,1,33,34,7,42,4.261904761904762
Bartending Schools,7,2,2,4,53,57,9,68,4.382352941176471
Piano Bars,359,234,356,703,833,1536,593,2485,3.570221327967807
Ice Delivery,1,0,0,1,16,17,1,18,4.722222222222222
Gastroenterologist,139,27,7,16,130,146,166,319,2.909090909090909
Beverage Store,48,42,73,188,433,621,90,784,4.168367346938775
Kitchen Incubators,2,0,3,4,66,70,2,75,4.76
Hospice,43,4,4,7,158,165,47,216,4.078703703703703
Puerto Rican,102,82,97,190,706,896,184,1177,4.118096856414613
South African,58,56,110,146,98,244,114,468,3.3632478632478633
Mortgage Lenders,102,13,10,15,388,403,115,528,4.087121212121212
Business Financing,24,6,8,9,30,39,30,77,3.1948051948051948
Flowers,14,0,3,13,76,89,14,106,4.2924528301886795
Castles,3,4,13,49,80,129,7,149,4.3355704697986575
Australian,16,19,73,107,155,262,35,370,3.9891891891891893
Traffic Ticketing Law,49,2,3,6,405,411,51,465,4.539784946236559
Music Production Services,3,0,0,0,56,56,3,59,4.796610169491525
Hair Loss Centers,42,5,4,10,375,385,47,436,4.5389908256880735
Health Insurance Offices,66,2,2,2,76,78,68,148,3.135135135135135
Firewood,14,6,7,16,65,81,20,108,4.037037037037037
Archery,44,13,34,124,520,644,57,735,4.446258503401361
Skate Shops,16,8,18,37,164,201,24,243,4.337448559670782
Ethic Grocery,38,24,53,130,156,286,62,401,3.85286783042394
Party Characters,4,5,1,1,171,172,9,182,4.813186813186813
Clowns,11,1,2,3,52,55,12,69,4.217391304347826
Language Schools,17,3,2,22,88,110,20,132,4.21969696969697
Pet Photography,3,1,0,3,125,128,4,132,4.863636363636363
CSA,17,21,25,59,148,207,38,270,4.111111111111111
Engraving,32,15,4,20,247,267,47,318,4.367924528301887
Trophy Shops,11,1,3,8,150,158,12,173,4.6473988439306355
Waldorf Schools,2,1,0,1,6,7,3,10,3.8
Hindu Temples,1,0,1,4,19,23,1,25,4.6
Installment Loans,54,5,9,5,98,103,59,171,3.5146198830409356
Egyptian,40,30,50,138,234,372,70,492,4.008130081300813
Fireplace Services,72,8,5,18,327,345,80,430,4.209302325581396
Real Estate Law,109,5,2,14,452,466,114,582,4.194158075601375
Hakka,27,20,54,108,121,229,47,330,3.8363636363636364
Basque,145,176,245,386,362,748,321,1314,3.4901065449010655
Clothing Rental,25,6,9,13,121,134,31,174,4.14367816091954
Beach Equipment Rentals,1,1,1,3,29,32,2,35,4.6571428571428575
Kombucha,1,1,1,7,26,33,2,36,4.555555555555555
Halotherapy,1,0,0,0,18,18,1,19,4.7894736842105265
Concierge Medicine,6,1,4,4,61,65,7,76,4.4868421052631575
Roof Inspectors,3,0,1,1,38,39,3,43,4.651162790697675
Waterproofing,53,3,3,4,79,83,56,142,3.3732394366197185
Muay Thai,5,4,1,4,107,111,9,121,4.68595041322314
Ukrainian,89,63,108,247,511,758,152,1018,4.009823182711198
Hearing Aid Providers,63,10,9,17,174,191,73,273,3.838827838827839
Audiologist,94,17,14,22,230,252,111,377,3.7347480106100797
Pulmonologist,32,1,2,6,39,45,33,80,3.2375
Acne Treatment,24,2,6,9,154,163,26,195,4.369230769230769
Personal Chefs,51,13,29,90,826,916,64,1009,4.612487611496531
Homeless Shelters,4,0,0,0,9,9,4,13,3.769230769230769
Shaved Snow,23,23,38,73,135,208,46,292,3.9383561643835616
Passport & Visa Services,26,4,11,15,111,126,30,167,4.083832335329341
Fencing Clubs,0,0,0,2,6,8,0,8,4.75
Bingo Halls,21,10,24,55,65,120,31,175,3.76
Car Buyers,219,40,35,96,386,482,259,776,3.502577319587629
Hydroponics,11,0,1,6,30,36,11,48,3.9166666666666665
Airsoft,19,6,1,10,51,61,25,87,3.781609195402299
Television Stations,323,31,26,44,137,181,354,561,2.3600713012477716
Haitian,12,9,13,44,68,112,21,146,4.006849315068493
Tax Law,10,2,0,1,126,127,12,139,4.661870503597123
Dance Wear,6,4,7,21,30,51,10,68,3.9558823529411766
Golf Cart Rentals,8,1,0,1,35,36,9,45,4.2
High Fidelity Audio Equipment,15,4,10,23,150,173,19,202,4.430693069306931
Christmas Markets,1,11,25,48,75,123,12,160,4.15625
Water Parks,183,140,183,306,227,533,323,1039,3.2444658325312803
Golf Equipment Shops,20,16,18,39,155,194,36,248,4.181451612903226
Bar Crawl,3,3,8,11,175,186,6,200,4.76
Rolfing,3,1,0,7,117,124,4,128,4.828125
Trinidadian,6,7,10,36,81,117,13,140,4.2785714285714285
Cannabis Collective,14,5,1,2,13,15,19,35,2.857142857142857
Scandinavian,123,85,154,387,558,945,208,1307,3.8967100229533282
Disc Golf,14,13,29,148,209,357,27,413,4.271186440677966
Traffic Schools,27,1,3,6,98,104,28,135,4.088888888888889
Eastern European,9,12,19,34,27,61,21,101,3.5742574257425743
Georgian,0,1,1,3,1,4,1,6,3.6666666666666665
Squash,4,3,7,8,13,21,7,35,3.657142857142857
Venezuelan,50,79,190,588,1314,1902,129,2221,4.367402071139127
Drive-In Theater,24,24,36,155,201,356,48,440,4.1022727272727275
Shredding Services,24,4,5,14,229,243,28,276,4.521739130434782
Editorial Services,14,2,0,8,199,207,16,223,4.686098654708521
Commercial Truck Dealers,93,6,8,13,91,104,99,211,3.014218009478673
Empanadas,21,34,68,190,419,609,55,732,4.300546448087432
Circuit Training Gyms,0,0,0,6,100,106,0,106,4.943396226415095
Valet Services,52,6,3,8,71,79,58,140,3.2857142857142856
Caricatures,1,0,0,2,45,47,1,48,4.875
Stucco Services,11,1,4,11,170,181,12,197,4.66497461928934
Machine Shops,0,1,1,1,10,11,1,13,4.538461538461538
Trailer Dealers,23,4,3,4,59,63,27,93,3.774193548387097
Planetarium,4,8,8,27,23,50,12,70,3.8142857142857145
Dive Shops,5,4,0,4,52,56,9,65,4.446153846153846
Product Design,1,1,0,12,67,79,2,81,4.765432098765432
Piano Services,19,0,3,4,221,225,19,247,4.651821862348178
Aerial Fitness,15,3,8,21,145,166,18,192,4.447916666666667
Spine Surgeons,47,6,6,13,119,132,53,191,3.7905759162303663
Hang Gliding,2,0,0,2,2,4,2,6,3.3333333333333335
Immunodermatologists,3,0,1,3,13,16,3,20,4.15
Petting Zoos,7,3,5,28,79,107,10,122,4.385245901639344
Scavenger Hunts,2,0,3,12,74,86,2,91,4.714285714285714
Doulas,38,8,7,11,367,378,46,431,4.533642691415313
Snow Removal,37,2,2,1,82,83,39,124,3.717741935483871
Wok,1,1,3,5,4,9,2,14,3.7142857142857144
Tuscan,87,81,159,358,369,727,168,1054,3.7979127134724857
Chinese Martial Arts,5,2,0,1,52,53,7,60,4.55
Bangladeshi,52,33,51,95,224,319,85,455,3.8923076923076922
House Sitters,3,0,0,2,91,93,3,96,4.854166666666667
Junkyards,13,3,4,7,16,23,16,43,3.2325581395348837
Olive Oil,6,3,2,18,151,169,9,180,4.694444444444445
Self-defense Classes,9,0,1,5,203,208,9,218,4.802752293577981
Laotian,112,131,274,640,838,1478,243,1995,3.9829573934837095
Wills,34,1,0,7,197,204,35,239,4.389121338912134
Trusts,34,1,0,7,197,204,35,239,4.389121338912134
& Probates,34,1,0,7,197,204,35,239,4.389121338912134
Party Bike Rentals,5,1,0,9,148,157,6,163,4.803680981595092
Oriental,2,1,3,4,17,21,3,27,4.222222222222222
Observatories,26,34,111,218,201,419,60,590,3.905084745762712
Vacation Rental Agents,126,9,13,18,141,159,135,307,3.1270358306188926
Marinas,25,13,11,26,38,64,38,113,3.3451327433628317
Reunion,2,5,7,9,15,24,7,38,3.789473684210526
Skiing,1,0,3,12,7,19,1,23,4.043478260869565
Game Meat,8,3,6,14,13,27,11,44,3.477272727272727
Scooter Rentals,0,0,0,2,59,61,0,61,4.967213114754099
Car Auctions,24,7,5,18,23,41,31,77,3.116883116883117
Kickboxing,19,9,12,26,378,404,28,444,4.655405405405405
Ayurveda,4,1,0,2,30,32,5,37,4.4324324324324325
Bookbinding,4,1,1,0,17,17,5,23,4.086956521739131
Unofficial Yelp Events,0,0,2,9,8,17,0,19,4.315789473684211
Holiday Decorations,68,43,35,58,76,134,111,280,3.1107142857142858
Dumpster Rental,12,0,0,4,60,64,12,76,4.315789473684211
Karate,30,8,3,9,201,210,38,251,4.366533864541832
Whiskey Bars,305,273,480,1072,1423,2495,578,3553,3.854207711792851
Badminton,10,2,9,20,19,39,12,60,3.6
Hybrid Car Repair,2,1,1,3,15,18,3,22,4.2727272727272725
Courthouses,44,10,35,49,77,126,54,215,3.488372093023256
Racing Experience,32,26,38,72,583,655,58,751,4.5286284953395475
Scooter Tours,3,0,0,1,37,38,3,41,4.682926829268292
Beach Bars,6,0,2,13,10,23,6,31,3.6774193548387095
Social Security Law,14,1,0,4,30,34,15,49,3.7142857142857144
Aerial Tours,1,1,1,17,227,244,2,247,4.894736842105263
Medical Foot Care,0,0,0,0,5,5,0,5,5.0
Erotic Massage,3,0,0,1,16,17,3,20,4.35
Pumpkin Patches,13,9,16,27,38,65,22,103,3.6601941747572817
Backshop,3,4,10,24,29,53,7,70,4.0285714285714285
Machine & Tool Rental,34,3,1,9,49,58,37,96,3.375
Car Share Services,106,24,21,39,291,330,130,481,3.8004158004158004
Car Inspectors,4,0,2,5,86,91,4,97,4.742268041237113
Addiction Medicine,13,1,1,1,11,12,14,27,2.8518518518518516
Adoption Services,20,7,4,3,44,47,27,78,3.5641025641025643
Feng Shui,0,0,0,2,24,26,0,26,4.923076923076923
Slovakian,2,2,2,13,7,20,4,26,3.8076923076923075
Hainan,3,0,2,6,6,12,3,17,3.7058823529411766
Bubble Soccer,1,0,0,0,21,21,1,22,4.818181818181818
Ranches,9,3,4,8,8,16,12,32,3.09375
Surf Shop,2,1,1,4,84,88,3,92,4.815217391304348
Pedicabs,4,0,0,1,41,42,4,46,4.630434782608695
Well Drilling,5,0,0,1,1,2,5,7,2.0
Pensions,1,2,4,7,3,10,3,17,3.5294117647058822
Solar Panel Cleaning,2,0,1,2,94,96,2,99,4.878787878787879
Childproofing,5,4,1,2,103,105,9,115,4.6869565217391305
Embassy,12,1,3,5,8,13,13,29,2.8620689655172415
Pick Your Own Farms,19,8,22,78,129,207,27,256,4.1328125
Land Surveying,33,1,0,3,9,12,34,46,2.0
Synagogues,13,3,4,17,37,54,16,74,3.8378378378378377
Duplication Services,0,0,0,0,18,18,0,18,5.0
Fischbroetchen,5,5,5,6,6,12,10,27,3.111111111111111
Contract Law,23,0,1,5,60,65,23,89,3.8876404494382024
Art Restoration,0,0,1,0,93,93,0,94,4.9787234042553195
Ski Schools,0,1,3,5,2,7,1,11,3.727272727272727
Izakaya,27,33,57,169,454,623,60,740,4.337837837837838
Supper Clubs,13,20,24,37,78,115,33,172,3.854651162790698
LAN Centers,2,0,0,2,24,26,2,28,4.642857142857143
Tenant and Eviction Law,8,1,1,2,20,22,9,32,3.78125
Cable Cars,0,0,0,4,33,37,0,37,4.891891891891892
Commissioned Artists,4,2,1,3,41,44,6,51,4.470588235294118
Farm Equipment Repair,13,10,3,8,95,103,23,129,4.255813953488372
Pathologists,5,1,2,2,6,8,6,16,3.1875
Burmese,17,22,39,132,205,337,39,415,4.171084337349398
Childbirth Education,15,5,2,9,122,131,20,153,4.42483660130719
Digitizing Services,1,0,0,2,14,16,1,17,4.647058823529412
Fuel Docks,9,2,0,0,5,5,11,16,2.375
Game Truck Rental,2,0,0,2,43,45,2,47,4.787234042553192
Lice Services,2,1,0,3,93,96,3,99,4.858585858585859
Proctologists,5,0,0,0,11,11,5,16,3.75
Horse Racing,14,14,24,39,49,88,28,140,3.6785714285714284
Elder Care Planning,4,2,1,1,6,7,6,14,3.2142857142857144
Environmental Abatement,6,0,0,0,67,67,6,73,4.671232876712328
Medical Law,6,1,0,0,41,41,7,48,4.4375
Generator Installation/Repair,24,1,0,2,30,32,25,57,3.2280701754385963
Reptile Shops,14,5,5,9,70,79,19,103,4.12621359223301
Bird Shops,20,7,9,16,86,102,27,138,4.021739130434782
Snorkeling,1,0,0,0,8,8,1,9,4.555555555555555
Pet Hospice,1,2,0,1,97,98,3,101,4.891089108910891
Syrian,1,2,1,12,35,47,3,51,4.529411764705882
Herbal Shops,3,1,0,3,17,20,4,24,4.25
Hydrotherapy,19,4,1,12,191,203,23,227,4.5506607929515415
Car Brokers,7,0,0,3,30,33,7,40,4.225
Bike Shop,3,2,0,5,123,128,5,133,4.827067669172933
Bicycles,3,2,0,5,126,131,5,136,4.830882352941177
Hazardous Waste Disposal,0,0,1,1,10,11,0,12,4.75
Kiosk,0,1,1,3,4,7,1,9,4.111111111111111
Mobile Home Dealers,5,0,0,0,2,2,5,7,2.142857142857143
Traditional Clothing,0,0,3,4,7,11,0,14,4.285714285714286
Beach Volleyball,1,0,0,1,1,2,1,3,3.3333333333333335
Cideries,5,8,13,68,86,154,13,180,4.233333333333333
Fur Clothing,19,3,3,5,15,20,22,45,2.8666666666666667
Home Developers,3,0,0,0,0,0,3,3,1.0
Hepatologists,20,4,1,1,11,12,24,37,2.4324324324324325
Pop-up Shops,10,11,15,35,92,127,21,163,4.153374233128834
Island Pub,11,6,8,10,3,13,17,38,2.6842105263157894
Ziplining,64,26,49,95,122,217,90,356,3.519662921348315
Attraction Farms,0,3,1,7,21,28,3,32,4.4375
Religious Items,0,2,4,6,23,29,2,35,4.428571428571429
Mosques,7,1,6,4,4,8,8,22,2.8636363636363638
Private Jet Charter,1,2,0,2,32,34,3,37,4.675675675675675
DIY Auto Shop,0,1,0,0,25,25,1,26,4.884615384615385
3D Printing,4,2,2,3,20,23,6,31,4.064516129032258
Psychic Mediums,0,1,0,0,6,6,1,7,4.571428571428571
Sailing,38,8,2,8,25,33,46,81,2.6790123456790123
Safe Stores,9,2,0,4,36,40,11,51,4.098039215686274
Tui Na,5,0,1,2,43,45,5,51,4.529411764705882
Children's Museums,36,30,46,168,422,590,66,702,4.296296296296297
Guamanian,9,12,17,43,151,194,21,232,4.357758620689655
Iberian,2,5,9,28,48,76,7,92,4.25
Preventive Medicine,19,1,2,2,15,17,20,39,2.8205128205128207
Sandblasting,3,0,0,1,15,16,3,19,4.315789473684211
Backflow Services,6,1,0,1,25,26,7,33,4.151515151515151
Hearing Aids,2,1,0,1,9,10,3,13,4.076923076923077
Duty-Free Shops,1,3,0,7,3,10,4,14,3.5714285714285716
Excavation Services,5,0,0,2,12,14,5,19,3.8421052631578947
Food Banks,2,1,1,15,56,71,3,75,4.626666666666667
Linens,0,0,2,2,1,3,0,5,3.8
Trivia Hosts,0,0,0,0,8,8,0,8,5.0
Emergency Medicine,25,4,2,7,88,95,29,126,4.023809523809524
Storefront Clinics,0,0,0,2,6,8,0,8,4.75
Hong Kong Style Cafe,69,56,96,226,170,396,125,617,3.6029173419773097
Fishmonger,1,4,1,3,7,10,5,16,3.6875
Indoor Playcentre,0,0,2,7,11,18,0,20,4.45
Pop-Up Restaurants,1,0,1,2,2,4,1,6,3.6666666666666665
Interlock Systems,0,0,1,0,12,12,0,13,4.846153846153846
Surf Schools,0,0,0,2,2,4,0,4,4.5
Wallpapering,2,0,0,0,12,12,2,14,4.428571428571429
Baden,2,0,1,1,13,14,2,17,4.352941176470588
Pita,26,5,10,16,22,38,31,79,3.037974683544304
Phlebologists,6,1,0,0,18,18,7,25,3.92
Honduran,10,5,8,26,24,50,15,73,3.671232876712329
Private Schools,1,0,0,0,2,2,1,3,3.6666666666666665
Community Gardens,0,0,0,1,31,32,0,32,4.96875
Qi Gong,0,0,1,0,20,20,0,21,4.904761904761905
Flyboarding,0,0,0,0,9,9,0,9,5.0
Pet Insurance,51,6,2,9,167,176,57,235,4.0
Fire Departments,1,0,0,7,8,15,1,16,4.3125
Honey,1,1,0,2,12,14,2,16,4.4375
Candle Stores,4,0,1,0,3,3,4,8,2.75
Pub Food,19,20,16,42,27,69,39,124,3.306451612903226
Tickets,3,0,1,1,6,7,3,11,3.6363636363636362
Gerontologists,18,5,1,8,21,29,23,53,3.169811320754717
Drive-Thru Bars,2,3,15,14,35,49,5,69,4.115942028985507
Sex Therapists,3,0,1,2,22,24,3,28,4.428571428571429
Public Art,0,0,0,3,10,13,0,13,4.769230769230769
Art Tours,5,5,11,39,60,99,10,120,4.2
Sports Psychologists,0,0,0,0,7,7,0,7,5.0
Trains,45,39,79,152,122,274,84,437,3.610983981693364
IP & Internet Law,0,0,0,1,28,29,0,29,4.9655172413793105
Spin Classes,5,5,7,23,206,229,10,246,4.7073170731707314
General Festivals,0,6,12,21,22,43,6,61,3.9672131147540983
Sugar Shacks,5,4,11,29,39,68,9,88,4.056818181818182
Mobile Home Parks,4,0,0,0,5,5,4,9,3.2222222222222223
Luggage Storage,11,0,0,0,4,4,11,15,2.066666666666667
Sledding,1,0,2,3,25,28,1,31,4.645161290322581
Fireworks,0,1,0,4,14,18,1,19,4.631578947368421
Carousels,0,0,0,3,10,13,0,13,4.769230769230769
Rodeo,0,0,0,0,8,8,0,8,5.0
Structural Engineers,0,0,0,0,9,9,0,9,5.0
Crane Services,1,0,0,0,6,6,1,7,4.428571428571429
Japanese Curry,7,1,8,21,49,70,8,86,4.209302325581396
Mulled Wine,0,0,0,0,4,4,0,4,5.0
Street Art,7,6,34,205,831,1036,13,1083,4.70544783010157
Cheese Tasting Classes,5,11,21,44,87,131,16,168,4.1726190476190474
Bike Repair,1,0,0,1,27,28,1,29,4.827586206896552
Alsatian,0,2,4,4,1,5,2,11,3.3636363636363638
Udon,12,23,52,122,49,171,35,258,3.6705426356589146
Senegalese,0,0,0,2,2,4,0,4,4.5
Auto Electric Services,12,2,3,11,166,177,14,194,4.634020618556701
Choirs,0,0,8,5,6,11,0,19,3.8947368421052633
Agriturismi,0,1,2,4,5,9,1,12,4.083333333333333
Town Hall,0,0,0,0,4,4,0,4,5.0
Flatbread,4,3,6,16,14,30,7,43,3.7674418604651163
Mauritius,1,0,0,7,6,13,1,14,4.214285714285714
Art Space Rentals,1,1,1,3,8,11,2,14,4.142857142857143
Hotel bar,10,18,37,65,86,151,28,216,3.9212962962962963
Taxidermy,1,0,0,0,63,63,1,64,4.9375
Osteopaths,1,0,0,4,5,9,1,10,4.2
Neurotologists,11,0,1,0,22,22,11,34,3.6470588235294117
Fun Fair,0,3,3,15,22,37,3,43,4.3023255813953485
Teacher Supplies,0,0,0,1,2,3,0,3,4.666666666666667
Themed Cafes,6,3,3,5,101,106,9,118,4.627118644067797
Soba,4,7,7,13,17,30,11,48,3.6666666666666665
Outdoor Movies,0,0,0,1,5,6,0,6,4.833333333333333
Dialysis Clinics,1,1,1,0,1,1,2,4,2.75
Indoor Landscaping,0,0,1,2,7,9,0,10,4.6
Milkshake Bars,0,2,3,2,7,9,2,14,4.0
Patent Law,0,0,0,0,5,5,0,5,5.0
Eastern German,1,1,2,2,0,2,2,6,2.8333333333333335
Rotisserie Chicken,5,1,4,9,31,40,6,50,4.2
Public Plazas,0,1,5,3,3,6,1,12,3.6666666666666665
Registry Office,0,0,0,1,3,4,0,4,4.75
DUI Schools,0,0,0,0,5,5,0,5,5.0
Friterie,0,0,3,7,15,22,0,25,4.48
Parent Cafes,0,1,0,6,7,13,1,14,4.357142857142857
Free Diving,2,0,0,1,21,22,2,24,4.625
Nicaraguan,4,4,18,60,78,138,8,164,4.2439024390243905
Toxicologists,0,1,3,1,3,4,1,8,3.75
Habilitative Services,3,0,0,0,0,0,3,3,1.0
Bulgarian,2,0,6,6,2,8,2,16,3.375
Veterans Organizations,0,1,1,0,1,1,1,3,3.3333333333333335
Neuropathologists,8,1,0,0,7,7,9,16,2.8125
Animal Physical Therapy,11,0,0,0,36,36,11,47,4.0638297872340425
Minho,2,0,0,1,1,2,2,4,2.75
Tonkatsu,2,1,3,3,2,5,3,11,3.1818181818181817
Tempura,2,1,3,3,2,5,3,11,3.1818181818181817
Calligraphy,0,0,0,0,3,3,0,3,5.0
EV Charging Stations,1,0,1,0,1,1,1,3,3.0
